 d  a  theta    c_D     c_A      p  alpha  beta
 0  1      1   7.05    1.97   0.50     50    50
 1  1      1   7.10    1.97   0.40     40    60
 2  1      1   7.15    1.97   0.35     35    65
 3  1      1   7.20    1.97   0.30     30    70
 4  1      1   7.25    1.97   0.25     25    65
 5  1      1   7.30    1.97   0.20     20    70
 6  1      1   7.35    1.97   0.15     15    75
 7  1      1   7.40    1.97   0.10     10    80
 8  1      1   7.45    1.97   0.05      5    95
 9  1      1   7.50    1.97   0.01      1    99
 0  1      0   0.05   -0.53   0.50
 1  1      0   0.10   -0.53   0.60
 2  1      0   0.15   -0.53   0.65
 3  1      0   0.20   -0.53   0.70
 4  1      0   0.25   -0.53   0.75
 5  1      0   0.30   -0.53   0.80
 6  1      0   0.35   -0.53   0.85
 7  1      0   0.40   -0.53   0.90
 8  1      0   0.45   -0.53   0.95
 9  1      0   0.50   -0.53   0.99     
 0  0      0   0.05    0.00      1
 1  0      0   0.10    0.00      1
 2  0      0   0.15    0.00      1
 3  0      0   0.20    0.00      1
 4  0      0   0.25    0.00      1
 5  0      0   0.30    0.00      1
 6  0      0   0.35    0.00      1
 7  0      0   0.40    0.00      1
 8  0      0   0.45    0.00      1
 9  0      0   0.50    0.00      1
 0  0      1   7.05    0.00      0
 1  0      1   7.10    0.00      0
 2  0      1   7.15    0.00      0
 3  0      1   7.20    0.00      0
 4  0      1   7.25    0.00      0
 5  0      1   7.30    0.00      0
 6  0      1   7.35    0.00      0
 7  0      1   7.40    0.00      0
 8  0      1   7.45    0.00      0
 9  0      1   7.50    0.00      0
