   d  a    pa
   0  0 0.000
   0  1 0.000
   0  2 0.000
   0  3 0.000
   0  4 0.000
   0  5 0.000
   0  6 0.000
   0  7 0.000
   0  8 0.000
   0  9 0.000
   0 10 0.000
   0 11 0.000
   0 12 0.000
   0 13 0.000
   0 14 0.000
   0 15 0.000
   0 16 0.000
   0 17 0.000
   0 18 0.003
   0 19 0.001
   0 20 0.004
   0 21 0.008
   0 22 0.010
   0 23 0.022
   0 24 0.042
   0 25 0.058
   0 26 0.081
   0 27 0.105
   0 28 0.173
   0 29 0.246
   0 30 0.247
   2  0 0.000
   2  1 0.000
   2  2 0.000
   2  3 0.000
   2  4 0.000
   2  5 0.000
   2  6 0.000
   2  7 0.000
   2  8 0.000
   2  9 0.000
   2 10 0.000
   2 11 0.000
   2 12 0.000
   2 13 0.000
   2 14 0.000
   2 15 0.000
   2 16 0.000
   2 17 0.000
   2 18 0.002
   2 19 0.001
   2 20 0.002
   2 21 0.013
   2 22 0.013
   2 23 0.020
   2 24 0.034
   2 25 0.069
   2 26 0.091
   2 27 0.112
   2 28 0.144
   2 29 0.223
   2 30 0.276
   5  0 0.000
   5  1 0.000
   5  2 0.000
   5  3 0.000
   5  4 0.000
   5  5 0.000
   5  6 0.000
   5  7 0.000
   5  8 0.000
   5  9 0.000
   5 10 0.000
   5 11 0.000
   5 12 0.001
   5 13 0.001
   5 14 0.001
   5 15 0.002
   5 16 0.008
   5 17 0.006
   5 18 0.012
   5 19 0.017
   5 20 0.007
   5 21 0.028
   5 22 0.031
   5 23 0.055
   5 24 0.070
   5 25 0.061
   5 26 0.096
   5 27 0.117
   5 28 0.143
   5 29 0.141
   5 30 0.203
  10  0 0.000
  10  1 0.001
  10  2 0.003
  10  3 0.003
  10  4 0.004
  10  5 0.005
  10  6 0.012
  10  7 0.012
  10  8 0.015
  10  9 0.013
  10 10 0.017
  10 11 0.024
  10 12 0.024
  10 13 0.022
  10 14 0.030
  10 15 0.035
  10 16 0.026
  10 17 0.041
  10 18 0.025
  10 19 0.044
  10 20 0.042
  10 21 0.053
  10 22 0.050
  10 23 0.048
  10 24 0.047
  10 25 0.060
  10 26 0.050
  10 27 0.059
  10 28 0.065
  10 29 0.081
  10 30 0.089
1000  0 1.000
1000  1 0.000
1000  2 0.000
1000  3 0.000
1000  4 0.000
1000  5 0.000
1000  6 0.000
1000  7 0.000
1000  8 0.000
1000  9 0.000
1000 10 0.000
1000 11 0.000
1000 12 0.000
1000 13 0.000
1000 14 0.000
1000 15 0.000
1000 16 0.000
1000 17 0.000
1000 18 0.000
1000 19 0.000
1000 20 0.000
1000 21 0.000
1000 22 0.000
1000 23 0.000
1000 24 0.000
1000 25 0.000
1000 26 0.000
1000 27 0.000
1000 28 0.000
1000 29 0.000
1000 30 0.000
